7 28 30
7 29 30
7 30 30
7 31 30
7 28 30
7 29 30
7 30 30
7 31 30
7 28 30
7 29 30
7 30 30
7 31 30
7 28 30
7 29 30
7 30 30
7 31 30
7 28 30
7 29 30
7 30 30
7 31 30
7 28 30
7 29 30
7 30 30
7 31 30
7 28 30
7 29 30
7 30 30
7 31 30
7 28 30
7 29 30
7 30 30
7 31 30
7 28 30
7 29 30
7 30 30
7 31 30
7 28 30
7 29 30
7 30 30
7 31 30
8 1 30
8 2 30
8 3 30
8 8 30
8 9 30
8 10 30
8 11 30
8 12 30
8 13 30
8 14 30
8 15 30
8 1 30
8 2 30
8 3 30
8 8 30
8 9 30
8 10 30
8 11 30
8 12 30
8 13 30
8 14 30
8 15 30
8 1 30
8 2 30
8 3 30
8 8 30
8 9 30
8 10 30
8 11 30
8 12 30
8 13 30
8 14 30
8 15 30
8 1 30
8 2 30
8 3 30
8 8 30
8 9 30
8 10 30
8 11 30
8 12 30
8 13 30
8 14 30
8 15 30
8 1 30
8 2 30
8 3 30
8 8 30
8 9 30
8 10 30
8 11 30
8 12 30
8 13 30
8 14 30
8 15 30
8 1 30
8 2 30
8 3 30
8 8 30
8 9 30
8 10 30
8 11 30
8 12 30
8 13 30
8 14 30
8 15 30
8 1 30
8 2 30
8 3 30
8 8 30
8 9 30
8 10 30
8 11 30
8 12 30
8 13 30
8 14 30
8 15 30
8 1 30
8 2 30
8 3 30
8 8 30
8 9 30
8 10 30
8 11 30
8 12 30
8 13 30
8 14 30
8 15 30
8 1 30
8 2 30
8 3 30
8 8 30
8 9 30
8 10 30
8 11 30
8 12 30
8 13 30
8 14 30
8 15 30
8 1 30
8 2 30
8 3 30
8 8 30
8 9 30
8 10 30
8 11 30
8 12 30
8 13 30
8 14 30
8 15 30
