7 15 23
7 16 23
7 17 23
7 18 26
7 19 27
7 20 20
7 21 22
7 22 18
7 23 22
7 24 25
7 25 18
7 26 19
7 27 21
7 28 30
7 29 30
7 30 30
7 31 30
7 15 30
7 16 29
7 17 27
7 18 23
7 19 26
7 20 24
7 21 24
7 22 25
7 23 24
7 24 26
7 25 26
7 26 24
7 27 20
7 28 30
7 29 30
7 30 30
7 31 30
7 15 23
7 16 28
7 17 28
7 18 27
7 19 28
7 20 26
7 21 22
7 22 21
7 23 22
7 24 24
7 25 24
7 26 25
7 27 22
7 28 30
7 29 30
7 30 30
7 31 30
7 15 32
7 16 33
7 17 35
7 18 31
7 19 30
7 20 31
7 21 31
7 22 35
7 23 36
7 24 36
7 25 35
7 26 37
7 27 33
7 28 30
7 29 30
7 30 30
7 31 30
7 15 29
7 16 31
7 17 23
7 18 28
7 19 29
7 20 28
7 21 29
7 22 26
7 23 31
7 24 31
7 25 32
7 26 32
7 27 33
7 28 30
7 29 30
7 30 30
7 31 30
7 15 27
7 16 24
7 17 19
7 18 22
7 19 15
7 20 18
7 21 20
7 22 23
7 23 23
7 24 24
7 25 27
7 26 28
7 27 28
7 28 30
7 29 30
7 30 30
7 31 30
7 15 20
7 16 22
7 17 21
7 18 24
7 19 24
7 20 19
7 21 16
7 22 14
7 23 18
7 24 21
7 25 20
7 26 22
7 27 16
7 28 30
7 29 30
7 30 30
7 31 30
7 15 30
7 16 31
7 17 26
7 18 25
7 19 25
7 20 26
7 21 24
7 22 23
7 23 26
7 24 25
7 25 24
7 26 26
7 27 28
7 28 30
7 29 30
7 30 30
7 31 30
7 15 20
7 16 22
7 17 22
7 18 22
7 19 21
7 20 17
7 21 18
7 22 21
7 23 21
7 24 22
7 25 23
7 26 28
7 27 26
7 28 30
7 29 30
7 30 30
7 31 30
7 15 30
7 16 28
7 17 26
7 18 25
7 19 27
7 20 20
7 21 21
7 22 19
7 23 24
7 24 27
7 25 24
7 26 21
7 27 28
7 28 30
7 29 30
7 30 30
7 31 30
8 1 30
8 2 30
8 3 30
8 4 18
8 5 22
8 6 25
8 7 28
8 8 30
8 9 30
8 10 30
8 11 30
8 12 30
8 13 30
8 14 30
8 15 30
8 1 30
8 2 30
8 3 30
8 4 14
8 5 14
8 6 12
8 7 12
8 8 30
8 9 30
8 10 30
8 11 30
8 12 30
8 13 30
8 14 30
8 15 30
8 1 30
8 2 30
8 3 30
8 4 17
8 5 21
8 6 21
8 7 16
8 8 30
8 9 30
8 10 30
8 11 30
8 12 30
8 13 30
8 14 30
8 15 30
8 1 30
8 2 30
8 3 30
8 4 37
8 5 36
8 6 36
8 7 35
8 8 30
8 9 30
8 10 30
8 11 30
8 12 30
8 13 30
8 14 30
8 15 30
8 1 30
8 2 30
8 3 30
8 4 21
8 5 21
8 6 24
8 7 24
8 8 30
8 9 30
8 10 30
8 11 30
8 12 30
8 13 30
8 14 30
8 15 30
8 1 30
8 2 30
8 3 30
8 4 26
8 5 29
8 6 28
8 7 32
8 8 30
8 9 30
8 10 30
8 11 30
8 12 30
8 13 30
8 14 30
8 15 30
8 1 30
8 2 30
8 3 30
8 4 20
8 5 23
8 6 25
8 7 26
8 8 30
8 9 30
8 10 30
8 11 30
8 12 30
8 13 30
8 14 30
8 15 30
8 1 30
8 2 30
8 3 30
8 4 27
8 5 29
8 6 28
8 7 24
8 8 30
8 9 30
8 10 30
8 11 30
8 12 30
8 13 30
8 14 30
8 15 30
8 1 30
8 2 30
8 3 30
8 4 23
8 5 22
8 6 23
8 7 27
8 8 30
8 9 30
8 10 30
8 11 30
8 12 30
8 13 30
8 14 30
8 15 30
8 1 30
8 2 30
8 3 30
8 4 25
8 5 27
8 6 29
8 7 33
8 8 30
8 9 30
8 10 30
8 11 30
8 12 30
8 13 30
8 14 30
8 15 30
