6 2007 15 29 16 17 17 25 18 24 19 23 20 21 21 19 24 20 25 21 26 25 27 23 28 24 29 22 30 21
6 2008 15 18 16 21 17 21 18 17 19 21 20 22 21 23 22 15 23 21 24 20 25 17 26 18 27 20 28 21 29 18 30 17
6 2009 15 20 16 22 17 15 18 16 19 17 20 15 21 17 22 22 23 24 24 18 25 14 26 17 27 25 28 27 29 21 30 20
6 2010 15 15 16 17 17 14 18 17 19 21 20 23 21 26 22 28 23 30 24 31 25 33 26 29 27 30 28 22 29 25 30 25
6 2011 15 20 16 23 17 18 18 21 20 28 21 21 22 23 23 23 24 23 25 23 26 24 27 27 28 28 29 28 30 30
6 2012 15 18 16 21 17 24 18 22 19 24 20 22 21 24 22 24 23 24 24 20 25 23 26 24 27 19 28 20 29 17 30 21
6 2013 15 28 16 24 17 23 18 20 19 21 20 22 21 21 22 16 23 23 24 27 25 24 26 31 27 31 28 31 29 28 30 26
6 2014 15 13 16 14 17 16 18 11 19 17 20 21 21 20 22 17 23 12 24 14 25 17 26 15 27 14 28 9 29 18 30 25
6 2015 15 24 16 16 17 20 18 19 19 21 20 22 21 20 22 23 23 23 24 27 25 24 26 24 27 18 28 15 29 21 30 22
6 2016 15 24 16 23 17 28 18 28 19 27 20 27 21 28 22 26 23 24 24 26 25 28 26 32 27 27 28 22 29 26 30 26
7 2007 1 17 2 21 3 18 4 23 5 26 6 27 7 19 8 19 9 21 10 19 12 29 13 32 14 21 15 23 16 23 17 23 18 26 19 27 20 20 21 22 22 18 23 22 24 25 25 18 26 19 27 21 28 20 29 24 30 23 31 20
7 2008 1 22 2 23 3 21 4 22 5 23 6 16 7 20 8 25 9 20 10 23 11 16 12 24 13 28 14 30 15 30 16 29 17 27 18 23 19 26 20 24 21 24 22 25 23 24 24 26 25 26 26 24 27 20 28 15 29 16 30 16 31 18
7 2009 1 23 2 24 3 19 4 13 5 11 6 13 7 19 8 21 9 21 10 15 11 24 12 26 13 28 14 27 15 23 16 28 17 28 18 27 19 28 20 26 21 22 22 21 23 22 24 24 25 24 26 25 27 22 28 23 29 23 30 25 31 25
7 2010 1 25 2 29 3 26 4 26 5 28 6 29 7 28 8 28 9 30 10 29 11 30 12 30 13 29 14 30 15 32 16 33 17 35 18 31 19 30 20 31 21 31 22 35 23 36 24 36 25 35 26 37 27 33 28 37 29 38 30 31 31 33
7 2011 1 30 2 26 3 28 4 29 5 20 6 24 7 26 8 26 9 23 10 25 11 28 12 30 13 25 14 26 15 29 16 31 17 23 18 28 19 29 20 28 21 29 22 26 23 31 24 31 25 32 26 32 27 33 28 33 29 27 30 28 31 23
7 2012 1 24 2 25 3 22 4 27 5 27 6 27 7 26 8 27 9 29 10 28 11 25 12 30 13 22 14 24 15 27 16 24 17 19 18 22 19 15 20 18 21 20 22 23 23 23 24 24 25 27 26 28 27 28 28 26 29 28 30 29 31 30
7 2013 1 26 2 28 3 29 4 30 5 29 6 28 7 19 8 24 9 22 10 24 11 26 12 25 13 24 14 22 15 20 16 22 17 21 18 24 19 24 20 19 21 16 22 14 23 18 24 21 25 20 26 22 27 16 28 19 29 19 30 21 31 21
7 2014 1 28 2 27 3 20 4 22 5 23 6 26 7 25 8 25 9 26 10 16 11 14 12 25 13 27 14 30 15 30 16 31 17 26 18 25 19 25 20 26 21 24 22 23 23 26 24 25 25 24 26 26 27 28 28 32 29 31 30 32 31 32
7 2015 1 25 2 25 3 21 4 29 5 28 6 19 7 21 8 23 9 27 10 23 11 19 12 17 13 13 14 20 15 20 16 22 17 22 18 22 19 21 20 17 21 18 22 21 23 21 24 22 25 23 26 28 27 26 28 25 29 23 30 23 31 22
7 2016 1 28 2 28 3 29 4 28 5 20 6 21 7 20 8 14 9 22 10 22 11 22 12 25 13 26 14 23 15 30 16 28 17 26 18 25 19 27 20 20 21 21 22 19 23 24 24 27 25 24 26 21 27 28 28 26 29 29 30 30 31 28
8 2007 1 23 2 16 3 21 4 18 5 22 6 25 7 28 8 25 9 23 10 25 11 27 12 29 13 31 14 32 15 30
8 2008 1 21 2 23 3 17 4 14 5 14 6 12 7 12 8 19 9 23 10 18 11 20 12 24 13 26 14 30 15 27
8 2009 1 25 2 20 3 20 4 17 5 21 6 21 7 16 8 19 9 15 10 21 11 24 12 24 13 24 14 16 15 14
8 2010 1 30 2 35 3 34 4 37 5 36 6 36 7 35 8 36 9 35 10 32 11 33 12 31 13 30 14 30 15 30
8 2011 1 23 2 13 3 19 4 21 5 21 6 24 7 24 8 27 9 28 10 16 11 15 12 23 13 27 14 30 15 31
8 2012 1 31 2 25 3 27 4 26 5 29 6 28 7 32 8 26 9 24 10 22 11 16 12 23 13 23 14 16 15 23
8 2013 1 22 2 21 3 24 4 20 5 23 6 25 7 26 8 26 9 28 10 29 11 30 12 24 13 26 14 25 15 20
8 2014 1 32 2 33 3 29 4 27 5 29 6 28 7 24 8 25 9 27 10 27 11 27 12 30 13 19 14 24 15 27
8 2015 1 19 2 20 3 22 4 23 5 22 6 23 7 27 8 26 9 30 10 27 11 25 12 27 13 28 14 20 15 20
8 2016 1 29 2 31 3 20 4 25 5 27 6 29 7 33 8 21 9 25 10 26 11 27 12 15 13 19 14 20 15 14
